250 250
221 236 148 25 20 2 201 249 157 64 116 216 67 175 247 133 107 161 6 102 85 70 164 116 59 181 220 158 144 208 115 169 15 145 145 69 178 194 110 183 7 81 191 39 148 63 102 103 132 49 212 150 239 89 242 112 78 158 223 7 207 37 73 5 61 95 118 102 92 171 235 62 147 86 8 187 202 174 163 231 90 166 66 129 119 9 204 102 86 70 51 173 219 50 240 208 163 223 90 115 23 136 76 100 130 161 243 149 134 157 238 163 65 169 192 51 127 175 24 218 111 165 44 48 189 111 182 82 232 213 216 210 188 134 58 91 74 180 142 250 183 208 229 237 203 94 168 250 55 130 111 48 161 15 62 167 240 192 87 91 212 76 149 44 36 195 212 209 15 74 22 63 185 46 196 73 120 236 83 154 11 125 216 18 212 154 142 208 156 249 46 1 127 60 176 91 220 177 170 50 216 109 49 99 83 47 121 224 172 184 172 132 126 164 32 160 85 204 41 54 158 201 102 249 16 158 25 18 36 222 14 103 11 242 226 5 230 99 88 92 10 249 221 82 32 81 106 60 208 248
0000000000100000000000000000000001000000000000000000000000000000000000010000000000000000000000000000000000000000000001000000000000000000000000000000100000000000000000000000000000000010000000000100000000000000000000000000000000000000000000000010000001
0000000000000000000000000000000000000000000000000000000000000000000000000000000000000000000000000000000000000000000000000000000000000000000000000000000000000000000000000000000000000000000000000000000000000000000000000000000000000000000000000000000000
0000000000000000000000000000000000000000000100000000000000000000000000000000001000100100010000000000000000000000000000000000000000000000000000000000000000000000001000000000000000000000000000000000000000010000000000000000000000000000000000000000000000
0000000000000000000000000000000000000000000000000001000000000000000010000000000000000000000000000000000000000000000000000100000000000000000000000000000000000000000100000000000000000000000000000000000000000000000010000000000000000000000000000000000000
0000000000000000000000000000000000000000000000000000000000001000001000000000000000000000000000000000000000000000010000000000000000100000000010000001000000000000000000000000000000000000000000000000000000000000000000000000000000000000000000000000000000
0000001000000100000000010000000000000100000000000000000000000000000000000000000000000000000000000001000000100000000000000000000000000000000000000000000100000010000000000000000000000000000000010000000010000000010000000000000000000000010000000000000010
0000000010000000000000000000000000000000000000000000000001000010010000000000010000100000000000000000000000000000000000000000000000100000000000000000000000000000000000000100000000000000000100000000000000000000010000001000000000000000000010000000000000
0000000000000000000000000000000000000000000000010000000001000000000000000000000001000000000000000000000000000000000000000000000000000000000000100000001000010000000000000000000000000000000000000000001000000000000000000000000000000000000000000000000000
0000000000000000000000000000000000000000000001000000000000000000000000000000000000000000000000000000000000000000000000000000000000000000000000010000000000000000000010000000000000000000000001000000000000000000000000000000000000000000000000000000000000
0000000000000000000000000000000000000010000000000000000000000000001000000000000001000000000000000000000000000000000000000000000000010000000000000001000000000000000001000000000000000000000000000000000000000000001001001000000000000001000000000000000000
0000000000000000000000000000000000000000000000100000000000010010000000000100000000000010000000000000000000000000000000000000000001000000000000000000100000000000000000000000000000000000000000000000000000000000000000000000000000000000000000000000000000
0001000000000000000000000000000000000000010000000000000000000000000000000000000000000000000000000000000000000000000000000000000000001010000000000000000000000000000000100000000000000100000000000000000000000000000000000000000000000000000000000000000010
0000000000000000000000000000000000000000000010000000000010000010000000000000000000000000000000000000000000000000000000001000000000000000000000000000000010000000001000000010000100000000000000000000000000000000000000000000000000000000000000000000000000
0000001000000001000000000010000000000000000000000000000000000000000010000000000000000000000000000000000000000000000000000000000000000000000000000000000000000000010000000000000000001000000000000000000000000010000000000000000000000000100000000000000000
0000000000000000000000000000000000000000000000000000000000000000000000000000000000000000000000000000000100000000000000000000000000000000000000000000000000000100000000000010000000000000000000100000000000000000000000000000000000000000000000000001000000
0000000000000000000000000000000001000000000000000000000000000000000000000000000000000000000000000000000000010000000100000000000000000000000000000000000000000000000000000000000000000000000001000000000000000000000000010000000000000000000000010000000000
0000000000000000000000000000000000000000000100000000000000000110000000000000000000000000000000000000000000000000000000010001000000000000000000000000000000000000000100000000000000000000000000000000000000000000000000000001000000000000000000000000000000
0000000001000000000000000000000000000000000000000000000000000000000100000000000000000000000000000000000100000000000000000000000000000000000000000000010000000000000000000000000000010000000000000000000000000000000000000000000000000000010000010000000000
0000001000000000000001000000000000000000000000000001000001000000000000101000000000000000000000000000000000000000000000000000000000000000000000000000000000000000010000000000000000000000000001000000000000000000000000000000000000000000000100000000000000
0000000010000000001000000000000000000000000000000000000000100000010000000000000000000001000000000000000001000000000100000000000000000000000000000000000000000000000000000000000000000000000000000000000000000000000000000000000100000000000000000000000000
0000000000000000000000000000000000000001000000000000000000000000000000000000000000000000000000000001000000000000000000000000000000000000000000000000000001000000000000000000000000000000010000000000000000000000000000000000000000100000000000000000000000
0000000000001000000000000000000000000000100000000000000000000000000000000000000000000000000000000000000000001000000000000000000000000000000000000000000000000000000000000000000000000000000000000000000001000010000000000000000000000010000000000000000000
0000000000000000100000000000000000000000000000001000000000000000000000000000000000000000000000000000001000000000000000000000001000000000000000000000000000000000000000000000000000000000000000010000000000000000000000010000000000000000000000000000000000
0000000100000000000000001000000001000000000000000000000000000000001000000000001010000000000100000000000000000000000000000000000000000000000000000000000010001000001000000000000000000000000000000000000000000000000100000000000000000000000001000000000000
0000100000000000000000000000000000000000000001000000000000000000000000000000001000000000000000000000000000000000100000000000000000000000000000000000000000000000000000000000000000000000000000010000000000000000000000000000000000000000000001000000000000
0000000110000000000000000000000000000000000000000000000000000100000000000000000000000000000000000000000000000000000000000000000000000000000000000000000000000000000000100000000000000000001000000000000000000000000000000000000000000000010000000000000000
0000001000000010000000000001000000000000000000000001000000000000000000000010100000000000000000000000000010000000000000000100100000000000000000000000000100000000000010000000000000000000010000000000000000010000000000000000000000000000100000000000000000
0000000000000000000000000000000000000000000000000000000000000000000010000000000100000000000000000000000000001000000000000100000000000000000000000000000000000000000000000000000000000000010000100000000000000000000000000000000000000000000000000000000000
0000000000000000000000000000000000000000000000000000000000000000000000000000000000000000000000010000000000000001000000000000000000000000000000000000000000000000000000000000000000000000100000000000000000000000000000000000000000000000000000000000000000
0000000000000000000000000010001000000000000000000010000000000000000100000000000000000000000000000000000000000000000000000000000000000000000000000000000000000000000000000000000000000000000000000000000000000001000000000000000000000000000100000000000000
0000000000000000000000000000000000000000000000001000000000000000000100000000000100001100100000000000001100000000000000000000000000000000000000000000000000000000000000000000000000000000000010000000000000000000000000000000000000000000010000000000000000
0000000000000101000000000000000000100000000000000000000000000000000000000000000000000000000000000000000000000000000000000000000000000001000000000000000100000000000000000000000000000000000000000000000000000000000000000000000000000000000000000000000000
0000010000000000000000000000001010000000000000000000000000000000000000000000000000000000001000000000000000000000000000000000000000000010000000000100000001000010000000000000000000000100000000000000000000000000000000000000000000000000000000000000000000
0000000000000000000010000000000010000010000000100000000000010000000000001000010000000000000000000000000000000000000000000000000000000000000000000010000000000000000000000000000000000000010000000000000000000000000000000000100000001000000010000000000000
0000000000000000000000000010000000100000000000000000100000000000000000000000000000000000000000000000000000000000000000010000000000000000010000000000000001000000000000000000000000000000000000000000000000000000000000000000000000000000000000000000000001
0000000000000000010000000000000000000000000000000000000000000000000010000000000000000000001000000000000000000000000000000000000000000000000000000000000000000000000001000000100000000000000000000000000001000000000000000000000010000000000000000000000000
0000000000000000000000000000000000000010000000001000000000000000000000100000000000100000000000000000000000100000000000000000000000000000000000000000000001100000000000000000000000000000000000000000000000000000000000100000000000000000010000000000000000
0000000000000000000000000000000000000000000010100000000000000100000000000000000000100000000100000000000000001000000000000000000000000000000000000000000000000000010000000000000000000000000000000000100000000000000000000000000000000000000000000000000000
0000000000000000001000000000100000000000000000000000000000000000010000000000000000000010000000000000100000000000000000000000100000000000000001010000000000010000000000001000000000000000000000000010000000000000100000000000000000000100000000000000000000
1000000000011000000000000000000000000000000000100000000000000000000000000000000000000000000000000000000000000000010000000000000000000000000000000000100000000000000000000000000000000000010000000000000000000000000000000000000000000000010000000000000000
0000000000000000000000000000010000000000000000000000000000000000000000000000000000100000000000000000000000000000000000000000000000000000000000110010000100000000000000000000000000000000000000000000000000000000000000000000000000000000000000000001000000
0000000000000000011000000000000001000000000000000000000000000000000000000000000000000000000000000000000000000000000000010001000000001000000000000000000000000000000000000010000000000000000000000000000000000000000000000000100000000001000000000000000010
0000000000000000000000000000000000000000000001000000100010100000000000000100000000010000000000000000000000000000000000000000000000000000000000000000000000000010010000000000000001000000000000000000000000000000000000000000000010000100001000000000000000
0000000000000000000000000010000000000000000000000000001000000000010000000000000101000010000000000000000000000000000000000000100000000000000000000000000000000000000000000000000000000000000100000000000000000000000000000000000000000000000000000000000000
0001000000000000000000000000000000000000000000000000000000000000000001000000110100000000000000000000000000000000000000000000000000000000000000100000000000000000000001000000000000000000000000001000000000000000000000000000000001000000000000000000000000
0000000000000000000000000000000000001000000000000000000000000000000000000000000000000000000000000000000000000000000000000000000000000000000000000010000000000000000000000000000000000000000000000000000000000000000000000000000000001000000000000000000000
0001000000000000000000000000000000000000000000000100000000000000000000000000000000000000000000000000000000000000000000000000000000000000000000000000000000000000000000000000000000000000000000000011000000000000000000000000000000000000000000000000000000
0000000000000000000000000000010000000000010010100000000000000000000000000100000010000000000000000000000000000000000000000000000001000000000000100000001000000000000000010000000000000100000000000000000000000000000000000000000000010000001000000000000000
0000000000000000000000000000000000000000000000100000000000000000000000000000000000000000000000000000000000000000000000000000000000000000100010000000000000000000000000000000000000000000000000000000000000000000010000000000000010000000000000000000000000
0000000000100000000000000000000000001000000000010000000000000000000000000000000000000000101000000000000000000000100000000000000000000000000000000000000001000000000000000000000000000000000000000000010000000000000100000100000000000000000000000000000000
0000100000000000000000000000000000000000100000000000000000000000000001000000000001000000100000001000000000000000000000001000001000000000010000000010000000000000000000000000000000000000000000000000000000000000000000000000000000000000000000000000000000
0000000000000000000000000000010000000000000000000000000000000000000000000000000000000000000000000000100000000000000000000000000000000000000000000000000100010101000000000100000000010001000000000000000000000000010000001000000000000000000000000000000000
0000000000000000000010000000000000000000000000100000000000000000000000000000000000000000000000000000000000100000000000000000000000000000100000000000010000000000000000000000000000000000000000000000000000000000001000000000000000000000000000000000001000
0000000000000000000000000000000000000000000000000000001000000000000000000000001000000000000000000000000000000000010000000000000000000000000000000000000000000000000000000000000000000000001000000000000000000000000000000000000010000000000100000000000010
0000000000000000000000000000000000000000000000000000000000000000000000000000000000000000100000000000000000000000000000000000000000000000000000000000000000000000001000000000000000000010000000000000000000000000001000000000000000000000000011000000000000
0000000000000000000000000000000000010000000000000000000000000000000000000000000000010100000000000010000000000000000000000000000000000000000000000000000000000000000000000000000000000000000000000000000000000000000000000000000000000000000000000000000000
0000000000000000100000000000000000100000000001000000000000000000000000001001000000000000000000000000000000000000000000000000000000000000000000010000000010001000000000000000000100000000000000000000000000000000000000100000101000000000000000000000000000
0000000000000000100000000000001010000000000000000000000000000000010000000000000000000000000000000000000000000000000000000000000000000000000000000000000000000000000000000000000000000000000000000000000000000000000000000000000000000000000000000000000000
0000000000000010000000000000000000010000000000000000000000000000000000001000000000000000000100000000000000000000001000000000000010000000000000000000000000000000000000000100000000000000000010000000000000000000000000000000000000000000000000000100000000
0000000000000010000000000000000000000000101000000000000000000000000000000000000000000000000000000000000000000010000000000100000000000100000010000000000000000000100000000001000000000000000000000000000000000000000000000000000000000000000000000000000000
0000000000000000010000000000000000000000000000000000000000000000000000000000001000000000000000000000000000000000000000000000000000000001000000000000000000000000000000001000000000000000000000000000000000000000001000000000000000000000000000000000000000
0000000000000000000000000000000000000000000000001000000000000000000000000000000000001000000000000000000000000000010000000000010000000001000000000000000000000000000000000000000000000000000000000000000000000000000000000000000000000000000000000000000000
0000000000000000000000000100000000000000001000000000100000000000000000000000000000000000100000000001000000000000000000000000000000000000000000000000000000000000000000000000000000000100000001000000000000000000000000000010000000000000000000000000000000
0100000000000000000000000000000000000000000000000000000000000000000000000000000000000000000000000000010000000000000000000000000000010000000000000000000000000000000000000000100000000000000000000100000000000000000000000000000000000000000010000000000000
0000000000000000000000000000000000000000000000000000000000000000000010010000000000000000000000000000000000000100000000000000000000000000000000000000000000000000000000000000000000000000000000000000000000000000000000000000000000000001000000000000000000
0000000000000100000001000000000000000000100000101000000000000000000000100000000000000000000000000000000000000000000000000000000000000000000000000000000001000000000000000000000000000000000000000000100000000000100000000000000000000001000000000000000000
0000000100000010000000000000000000000000001000000000000000000001010000000000001000000000000000000000000000000000000000000000000000000011000000000000000100000000000000000000000000000000000000000000000000000000010000001000000000000000100000000000000000
0000000000001000000000000000000100000000000000000000000000000000000000000000000000000000000000000000000000001000000000000000000000000000000000000000000000000000000000000000000000000000000000001000000000000000000000000000000000000100000000000000000000
0000000000000000000000000000000000000000000000000000000000100000000000000000000000000000000000000000000000000100000000000001000000000000001000000000000100000000000000000000000000000000000000000000000000000000000000000000000000000000000000000000000000
0000000000000000000000000000000000000000000000100001000000000000000000010000000000000000010000000000000000000000000000000000000000000000000000000000001000000000000000000000000000000000010000000000000001000000000000000000000000000001000000000000000000
0000000000000010000000000000000000000000100000000000000000000001000010000000000000000000001000000000000000000000000000000000000000000000000000000000000000000000000000000000010000100000000000000000000000000000000000000000000000000000100000000010100000
0000000000000000000000000010000000000000001000000000000000000000000001000000000011000000000000000000000001000000000000000000000000000000000000000000000000000000100000000000000000000000000000000000000000000000001000000000000000000000000000000000000000
0000000000000000000000000000000000000000000000000000000000000000000000000000000001010000100000000000000000000000000000000100000010000000000000000000000000000000000000000000000000000000000000000100000110000000000000000000000000000010000000000000000000
0000000000000000000000000000000000000000000000000000000000000000000000100000000010000000000000100000000000000000000000000000000000000000000000000010000000000000000000000000000000000000000000000000000000001001000000000000000000000010000000000000000000
0000000000000000000000000000000000000000000000001000000000000000000000000000000000000000010000100000000000000000000000000000000000000000000000000000000000000000001100000000000000000000000000000000000000000000000000000000000000000000000000000000000000
0000000000000000000000000000000000000000000001001000000000000000000000000000000000000000000000000000000000000000000000000000000000000000000000000000000000000000000000000000001000000000000000000000000000000000000100000000000000000000000000000000000000
0000000000000100000000000000000000000000000000000000000000000000000000000000000000000000000000000010000000000000000010000000000000000100000000000000000000000000000000000000000000000000000000000000000000000000001000000000000000000000001000000000000000
0000000000000000000000000000000000000000000000000011000000000000000000000001000000001000000000000000000000000001000000000000000000000000000100000000000000000000001000000000000000000000000000000000000000000000000000000000010100000000000000000000000000
0000010000000000000000000000000100100000000000000000000100000000000001000000000000000000000000000000000000000000000000000000000000000000000000000000000000000000000010000000000000000000000000000001000000000000000000000000010000000000000000000000000000
0000000000000000000000000000000000000000000000010000000000001000000000000000000100000000000000000000000000000100000000000000000000000001000000000000000000000000000000000000000000000000000000000000000000000000000001000001000000000000000000000000000000
0000000000000000000000000000000000000100000000000000000000000000000000000000000000000000000000000000000000000000000000000000000000010000000000000000000000000000000000000000000000001000000000000000000000000000000000000000000000010000001000000000000000
0000001000100000000000000000000000000000000000000001000000000000001000000000000000000000010000000000000000000000000010000000000000000000000000000000000000000001000000000000000000000010000000100000000000000100000000000000000000000001000001000000000000
0000010000000000000000001001000000000000000000000000000000000000000000000001000000000000000000000000000000000000000000100000000000000000000000000000000000000000000000000000000000000000100000100000001000000000000000000000000000000001000000000000000000
0000000000000000000000000100000001100000000000000000000000000000000000000000000000000010000000000000000100000000000000000000000000000000000000000000000000000000000000000010000010000000000000000000000000000000000000000000000000000000000000000000000000
0000000000001000000000000000000000000000000000000000000100000000000000000000000000000000000000000000000000000000000000000000000000000000000000000000000000000001000000000000000000000000000000000000000010000000000000000000000000000000000000000000000000
0000000000000000100000000000000000000000000000000000000000000000000000000000000000001000100000010000000000000000000000000000000000000000000000000000100000000000000010000000000000000000100000001000000000000000000000000000000000001000000000000000000000
0000000000000000000010000000000000000000001000000000000100000000000000000000000000000000000000000000000000000000000000000000000000000100000001000000000000000000100000000000000000000010000000000000000000000000000000000000000000000000000000000001000000
0000000000100000000000000000000000000000001000010000000000000000000000000000001000000000000000000000000000000000000000000001000000000000000000000000000000000000000001000000000000000000000000000100100000000000000000000000000000001000000000000000000000
0000000000000000000000010000000000000000000000000000000000000000000000010000000010000000000000000000000000100000000000000000000000000000010000001000000000000000000000000000000000000000000000000000000000000000000000000000000000000000000001000010000000
1000000000000000000000000000000000000000000010000000000000000000000000000001000000000000000000000000000000000000000000000000000001000000000000000000000000000000000000000000000000000000000010000000000000000000000000000000000000000000000000000000000000
0000000000000000000000000000000000100000000000000000000000000000000000000000000000000000000000000000100000000010000000000000001000000000000000000000000000000000000000000000000000000000000000000000000000000000000000000000001000000000000000000000000000
0001000000000000000000000000000001000000000000000000000110000000000000000000000000100000000000000000000000000000000000000000000000000000000000001000000000000000000000000000000000000000000000000000000000000001000000000000000000000100000000000000000000
0000000000000000000000000100000000000000000000000000000000000000000000000000000000100000000000000000000000000000000000000000000000000000000000001010000000000000010000000000000000000000000000000000000000000000000000000000000000100000000000000000000000
0000000000000001000000000000000010000000000000000000000000000001000010000000000001000000000000000000000000000000000000000000000000000000000000000000000000000000000000000000000100000010000000000000000001000000000000000000001000000000000010000000100101
0010000000000000000000001000000000001000000000000000010000000000000000000000000000000000000000000000000000000000010000000000000000000000000000000000000000000000000000100000000000000000000000010000000000000000000000000000000000000001000000000000000000
0000000000000000000100000000000000000000000000000000000000000000000000000000000000000000001000000000000000000100001000000000000000100000000000000001000000000000000000000000000000000000000000000000100000000000000000000000010001000000000001000000000000
0000000000000000000000000000000000000000000000000000000000000000000001001000000000000000000000000000000000000000000000000000000000000000000000000000000000000000000000000000000000000000000000000000000000000000000000010000100000000000000000100000000000
0000000000000000001000000000000010000100000000000000000000000000000100000000000000000000000000100000000000000000000000000000000000000010000010001000100000000000000000000000000000000000000000001000000101000000000000000000010000000000000000000000000000
0000000000000000000000100000000000000000010000000000000010000000010000000000000000000000000000000000000001000000000000000000000000000000000000000000000000000000000000000000000000000000000000000010000000000000000100000010000000000000000000000000010000
0000000001000000000000100000001000000000000000000000000010000000000000000000000000000000001010000000000000000000000000001000000000000000000000000000100100000000000000000000000000000000000000000000000010000000000000000000000000000000100000000000010000
0000000000000010000000000000000000000000010000000000000000000000000000010000010000000000000000000000000000000000000000000000000000000000000000000000000000000000000000000000000000000000000001000101000000011000100000000001000000000000000000000000000000
0001000000000000000000000000000000000000000000000000000000000000000000000000000000000010001000000000000000010000001000000000000000000000000000000000000000000100000000000000100000000001000000000000000000000000001010000000000000000000000000000000000000
0000000000000000000000000000000000010000000000000000000000000000000000000000000100000000000000000000000100000000000000000000000000000000000000000000000000001000000000100000000000000000000000000000000000000000000000000000000001000000000000000000000000
0000000000000000000000001000000000010000000000000000000000000000010000000000000000000000000000000000000000000000000000000000000000000000000000100000000000100000000000000000010000000000000000000000000000000000000000000000000000000000000010000000010000
0000100000000000000000000000000000000000000000000000000000000000000010000000000000000000000000000000000001000000000000000000000000000000000000000000000000001000000000000000000100010000000000000000100000000100000000000000000000000000000000000001000000
1000000010000000000000000000000000000010000000000000000000000000000000000000001010000000000000000000001000000000000000000000000000000000000000000000000000000000000000000000000000000000000000000000000000100000000000000000000000000000000000000000000000
0000000000000000000000000000001000000000000000000000000000000000000000000000000000000000000000000000000000001000000000000000000000000000000000000000000000101000000000000000000000000000000000000000000001000000000000000000000000000000000000000000000000
0000000100000000000000000000000000000000000000000000000010000000000000000000000001000000000010000000000000000000000000000000000000000000000000000000000000000000000000000000000000000000100000000000000000000000000000000000000000000000000000000000000000
0000000000000000000000000000000000000000000000001000000000000000000000001000000000000000000000000000000000000000000001000010000000000000000000000000000000000000000000000000100000000000000000000000000000000000000000000001100000000000000000000000000000
0000000000000000001001000010000000000000000000000000000000000000000000000000000000000000000000000000000000010000100000000000000000000001000000000000000001000000000000000000000000000000010000000000000000000000000000000000000010000000000000000000000000
0000000000000010000000000000000000000000000000000000000000000100000000000100000000010000000001000000000000000100000000000000000000000000000000000000000000000100000000000000000000000000000000000000000000000000000000000000000000000000000000000000000000
0001000000011000110000000101000000000001000000000000000000000000000000000000000000000000000001000100000010000010000010000000000000000000000000000000000000000000000000000000000000000000000010000000000000010000000000000000000000000000000000000000000000
0000000000000000000000000000000000000000000000000000000010000000000000000000000000000000000000000000000000000000010000000000000000000000000000000000000000000000000000000000000000000000000000000000000100000000000000000000000001000000000000000000000000
0000000000000000000000000000000000000000000000000000000000000000000000000000000000000000000000000000000000000000000000000000000000000000000000010000010000000000000000000000000000001000000000000000000000000000000010000010000000100000000000000000001000
0000000000000000100000000000000010000000000000000000000000000000000000000000000000000000000000000000000001000000000000000000000000000000000000000000000000000000000000000000000000000000100000000000000000000000000000000000000000000000000000000000000000
0000000000000000000000000000000000000000000000000100000000010000000000000001000000000000000000000000000000000000001000000000000000000000000000000001000000000000000000000000000000000000000000000000000000000000000000000000000000000000000000000000000000
0000000100000000000000000000000000000000000000000000000100000000000001010000000000000000010000000000000000000001000000000000000000000000000000000000000010000000000000000000000000000000100000000000000000000000000000000000000000000000000000000000000000
0000000000000000000010000000000000000000000000100000000000000000000000000010000010001000010000000010000000000001000000001000000000000000000000000000000000000000000000000000000000000000000000000000000010000000000001000100000000000000010001000000000000
0000000000000000000000000000000000010000000000000000000000000110000000000000000000000000000000000010000000000000000000000000000000000000000000000000000000010000000000000000010000000000000000000000000000000000000000000000000000000000000001000010000000
0000000000000000000000000000000000000000100000000000000000000000000000000000000000000000000000000000000000100000100010000000000000001000000000000000000000000000000000000000000100000000000000000000000000000000000000000000000000000000000100000000000000
0000000000000000000000000000010000000000000000000000000000000000000000000000000001000000000000000000000001000001000000000000000000100100010000000001000000000000000000000000000000000000000000000001000000000000000000000000000000000000000000000000000000
0000000000000000000000000000010000000000010000000000000000000000000000000000000000000000000001000010000100000000000000000000010000000000000000000000001000000000000000000000000000000000000000000000000000000000000000000100000000000000000000000000000000
0000000000000000000000000000000000000100000000000000000000100000000000000001001000000000000000000000001000010000000000000000000000010000000000100000000000000000000000100000000000000000000000000000100000000000000000000000000000000000000000000000000000
0000000000000000000000000000000000000000000000010000000000000000000000010000001000000000000001000000000000000000000000000100000000000000000000000000000000000000000010000000001000000000000000000000000000000000000000000000000000000000000000000000000000
0000000000000000000000000000000000000000000000000000000000000000000000000000000000000000000000000000000000000000000000000100000000000000000000000000000000000000100001000000000000000000000000000000000000000000000000000000000000000000000100000000100000
0000000000000010000000000000000000010010100000000000000000010000100000000000000000000000001000000000000000000000000000000000000000100000000010000010000000000000000000000000000000000000000000000000000000000000000000010000000000000000000000000000000000
0000010000100000000000000000000000000000000000000001000000100000000000000001000000000010100000000000000000100001000000001000000000100000000000000000010000000000010000000000000000000000000000000000100000000000000000000000000001000001000000100000000000
0100000000000000000000000000000000000000000000000000000100000000000000100000000000000000000000000000000000000000000000000000000000000000000000100000000000000000000000000000000000000000000000000000000010000000000000000000000000000000000000000000000000
0000000000000000000000000000000000000000000000000000000000000000000000000000000000000000000000000100001010000000000100000000010000000000000000000100000000000000000000000000000000000000000000000000000000000000000000000000000000000000000000000010000000
0000000000000000000000000000000000000000000000000000000000000000000000000010000000000000000000000000000000000000000000000000000000000000000000000000000000000000000000000000010000000000000000000000000000000000000000000000000000000000000000000000000000
0000000000000000000000000000000000000100100000000000000100000000000000000000000000000000000000000000000000000000000000001000000000000000000000000000000000000100000000000000000000010000000000000000000000000000000000000000000000000000000000000000100000
0000000000000000000000000000000000000000000000000000001000000000001000000000000000000000000000000000010000000000000000000000000000100000000000000000000000000000100000100000000000001000000000000000000000100000000000000000000000000000000100000000000100
0000000000000000000000000000000000000000000000000010000001000000000000000100000000000000000000000000000000000000000000000000000000000000000000000000000000000000000000000000000000000000000000000000000000000000000000000000000000000000000000000000000100
0000000000000000000000000000000000000100000000000000000000000000000000000000000000000000000000000000000000000000000000000000000001000000000000000000000000000000000000000010000000000000000000000000000000000000000000000000000000000100000000100000000000
0000000000000000000000000000000000000000000000000000001000000000000000001000000000000000000000010000000000000000000010000000000001000000000000000000000000000000000000000000000000000000000000000000000000000000000000000000000000000000000000000001000000
0000000000000000100000000000000000000000000000000000000000000000000000000000000000000000000000000000000000000000000000001000000000000000000000000000000000000000000000000000001000000000000000000000000000000000001000000000000000000000000000000000000000
0000000000000000000000000000000000000000000000000000000000000000000000000000000000000011000000000000010000000000000000000000000000000000000000000000000000000000000000000000000000000000000000000000000001000000000000000000000000000000000000000000000000
0000000000000010000000000000001000000000000000000000000000000000000000000000000000000000000000000000000000000000000000000000000000000000000000000000000000000000000000000000000000000001000000000000001011000000000000000000010000000000000000000000000000
0000000000000000000000000000000000000000000000010000000000000000000000000000000010000000000000000000000000000010000000000000000000000100000000000000000000100000000000000000000000000000000000000000000000000000000000000000000010000000000000000000000000
0000000000000000000100000001000000000000000000000000000000000000000000000000000001000000000000000000000000000000000000000001000000000000000000000000000000000000000000000000000000000100001010000000000000000001000000000000000000000100000000000000000000
0000000000000000000000100000000000000000010001000000000000000000000000000000000000000000000000000000000000000000000000000000000000100000000000000000000001000000000000000000000000000000000000100000000010000000010000000000010000100000000000000100000000
0010000010000000000000000000000000000000000000000010000000000000000010000000000000000000000000000000000000000000000000000000000000000000000000000000000001000000000000000000000100001000000000000000000010000000000000000000000000000000000000000000000000
0000000000000000000000000000000000000100000000000000000000000000000000000000000000000000000000110000000001000000000000000100000000000000000000000000000000000000000000000000000100000000000000000000000000000000000000000000000000000000000000000000000000
0000000000100000000000000000010000000000000000000000000000000000000000000000000000000000000000000000000010001010000000000000000000000000000000000000000000001000000000000000000000000000000000000000000000000000000000000000000000000000000000000000010000
0000000000000000000000000000000000000000000000000000000000000000000000000000010000000000000000000000000000010000000000000000000000000000000000000000000000100000001000000000000000000000000000000000000100000000000000000000000000000000000000000000000000
0000000010000000000000000000000000000000000000010000000000000000000000000000000000000000000000100000000000000000000000000000000000000000000000000000000000000100000000000000000000000001000000000000000000000000000000000000000000000000001000000000000000
0000000000000000000000000100010000000001000000000100000000000000100100000000100000000100000000000000000000000000000000000000000000000000000000001100000000100000000000000000000000000000000000000000000000010000000000000000000000000000000000000000000000
0000001100000000000000000100000001000000000000001000000000000100000000000000000000000000000000000000000000000000000000100000000000000000000000000100000000000000000000000000000000000000000000000000000000000100000000000000000000000000000000000000000000
0100000001000000000000000000000000000000000000010000000000000000000010000000000000000001000000000000000000000000000100000000000000000000000000000010000000000000000000000000000000000000000000000000000000000000000000000000000000000000000000000000000001
0000000100000000000000000000000100000000000000000000000100000000000100000000000000000000000000000000000000000000000000000000000000010000000000000000000000000000000000000000000000000000000001000000000100000000000000000000000010000000000000000000000000
0000000000000000000000000000000000000000000000000000000000000000000000000000000000100100000000000000000000000000000000000000000000000000000000000010000000000000000000001000000010000010000000000000000001000000000000001100000000000000000000000000000001
0000000000000000000000000000000000000000010010000000000000000000000000000000000000000000000000000000000000000000000000100000000000000000000000000000000000000000000000000000000000000000000000000000000000000000001000000001000000000000000000000000000000
0000000000000000000000000000000000000000000000000000000000000000000000000000000000000000000000001000000000000000000000000000000000000010000000000000000000000000000000000000000000000000000000000000000000000000000000000000000000000100000000010000000000
0000000000000100000000000000000000000000000000000000000001000000000000000000000000000000000000000000000000000000000000000000000000000000000000000000001100000000001000000000000000000000000000000000000000000000000000000000000000000000000000000000000000
0001000000000000000100000000000000000000000000000000100000000100000000000000000010000000000000000000000000000000100000000000000000000000000000000000000000000000000000000000000000000000010000000000000000000000000000000000000100000000000000100000000000
0000000000000000000000000000000000000000000000000000000000000000000000000000100000000000010000000000000000000000000000000000000000000000000000000000000000000000000000000000000000000000000000000000000000000000000000000001000010000010000000000000000000
0001000010000000000000000000000000000001000000000000000000000000000000000000000000000000000000000000000000000000000000000000000000000000000000000000000000000000000000000000000000000000000000000010000000000000000000000000000000000000000000000000000000
0000000000000000000000100000010000001000101000000001000000000100000001000000000000000000000000000001000000000000000000000000000000000000000000000000010000000000000000001000100000000000000000000000000000000000000000000000000000000000000000000000000010
0000000000000000000000000000000000000000000000000000000000000000000000000000000000000010000000000000001010000000000001000000000000000001000000000010000000000100000000000000000000000000000000100000000000000000000000000000000000000000000000011000000000
0000000000000000000000000000000000000000000000000000000000000000000000000000000000000000000000000000000000000000000000010000000000000000000000000000001000000000000000000100000000000000000000000000000000001000000000000000000100000000000000000010000000
0000100000000000000000000000000000000000000000000000010000000000000000100000000000000000000000000000000100000000000000000000000000000000000000000000000000000000000000000000000000001000000001000000000000000000000010000000001000000000000001000000000000
0000000000000000000000000000000010000000000000100011000000000000000000000000000010000000000000000000000000000000000000100100000000001000000000000000010000000000000000000000100001000000000000000000000000000000000000010000000000000000000000000000000000
0000000000000000000000000000000000000000000000000000001000000001000000000000000000100000000000000000001100100000001000000000000000001000000000000000000000000000000000000000000000000000100000000010000000000000000000000000000000000000000000000000000000
0001000000000100000000000000000000010000000000000000000001000000000000000000001000000000000000000000000000000000000000000010000000000000000000000000000000000000000000000000000000000000000000000000000000000000000100000000000000000000000000000000000000
0000000000000000000001000000000000000000000000000000000000000000000000001000000000000000000000000000000000010000000000000000000000000000000000000000000010000000000000000000000000000000000000000000000000000000000000000000000000000000000000000000000000
0000000000000000010000000100000000000000000000000000000000000000000000000000000000000000000000000000000000000000000000000000000100000000000000000000000000000000000000000001000000000000000000000000000000010000000100000000000011000000000000001000000000
0000000000000000000000000000000000000000000000000000000000000000100000000000000000000010000000000000000000000000000000000000000000000000000000000000000000000000000000000000000010000000000000000100000000000000000000000000000000000000000000000000000000
0000000000000000000000001100000000000000000101000000000100000001000000000000000001000010000000000000000000000000000101000000000000000000000000000000000000000000000000000100000000000010000000000011000000000000000000001000100000000000000000000000000000
0000000000000000000000000000000001000100100000000000000000000000000000000000000000010010000000001000000000000000000000000000000000000000000000000000100000100000000000000001000000000000000000000000000000000000010000100000000000000000000000000000000000
0000000000000000001000000000000000000000000000000010000000000000000000000000000000000010000000000100000000000000000000000000000000000010000000000000000000000000000000000000000000000000000000000010000000000000000000000000000010000010000000000100000000
0000000000000000000001000000000000000000000100000000000000000000000000000000000000000000000000000000000000001000000000000000000000000000000000000000000000000100000100000000000000010000000000000000000000000000000000000000000000000000000000000000000010
0000000000000000000000000000000000000000000000000000000000000000000000000000000000000000010000000000000000000000000000000000000000000000000000000000000000000110000000000000000000000000001000000000000000000000000000000000000000000000010000000000000000
0000000000010000000000000000000000000010000000000000000000000010000000000000000000000000000001000000000000000000000000000000000000000000000000000000000000000000000000000000010000100000000000000000000000000000000000100000000000000000000000000000000000
0000000000000000000000000000000000001010000000000000000000000000000000000000000000000000000000000000100000000010000000000000000000000000000000000000000001000000000000000000000000000000000000000000000000000000000000000000000000000000000000000000000000
0000000000000000000000000000000000010000000000000000000000000000000000000000000000000000100000000010000000000000000000000000000000000000000000000000000000000000000000000000000001001000000000000000000000000000000000000000000000000000000000000000000010
0000000000000000000000000000100000000000000100000000000000000000000000000000000000000000000000000000000000000000000000000000000000000000000000000000000000000000000000000000000000000000000000000000000000000000000000000000000000000000010000000000000000
0000000000000000000000000000000000000000000010000000000000000000000000000000000000000000000000000000000000000000000000000000001000000000000000000000000000000001000010000000000000000000000000000000010000000000000000000000100010000000000000000000000001
0000000000000000000010000000000000000000000000000001000000000000000000000000000000000000000000000000000000000000100000000001000000000000000000000000000000100000000000000000000000000010000000001000000000000000000000000000000000000100000000000000000000
0000000000000000000000000000000000000000000000000000000000001000000000001000000100000010000000000000000000000000000000000100001000000000000000000000000000000000000000000000000000000000000100000000000000000000000000000000000000000000000000000000000000
0000000100100000000000000000000000000010000000000000000000000000000000000000000001000000010000000000000000010000000000000000000000000000000000000000000000000000000000100000000000000000100000000000000000000000001000000000000000000000000000000000000100
0000001000000000000010000000000000100000000000000000000000000000000000000000000000000000000001100000000000000001000000000000000000000000000000000000000000000000000000000001010000000000000000000010000010000000000000000000000000000000000000000001000000
0000000000000000000000010000000000000000000000100000000000000000000000000000000000000000000100000000000000100000000010000000000000000000000000000000000000000000100000000000100010000000000000000000000000001000000000010000000000000000010000000000100010
0000001000000000000000000000000000000000000001000000000000000000000000000000000000000000000000000000000000000000000000000000000000000000000000000001000000000000000000011000000000000000010010000000000000000000000000000000000000001000000100000000000000
0000000000000000000000000000000000001000000000000000100000000000000000000000000000000000000000000000000000000000000000000000000000000000000000000000000000001000000000000000000000000000000000001000000000000000000000000000001000000000000000000000000000
0000000000000000000000000000000000000000000000000000100000000000000000001000000000010000000000000000000000000000000000000000000000000000000000000000000000001000000000000000000000000000000000000000000000000001000000000000000000100000000000000000100000
0000000000000000000000000000000000000000000000000000000000000000000000000000010000000000000000000000000000000000000000000000000000000000000000000000000000000000000000000000000000001000000000000100000000000000000000001010000000000000000000000000000000
0000000000000000000000010000000000000000001000000000000010000000010000000001000000000000000000000000000000000000000000010000001000000001000000000000000000000000000000000000000000000000000000000000000000000000000000000000000000000100010000000000000001
0000000000000000000000000000000000000000000000000000000000000000000000000000000000000000000000000000000000000000000000000000000000000000000000000000000000000000000000000000000000000000000000000000000000000000000000000000000000000000000000000000000000
0000000000000000000000000000000000000000000000000010000000000000000000000000000000000000000000000000000000000000000000000010000000000000001000000000000010000000000000000000000000000000000000000000000000000000010000000000000000001000000000000000000000
0000000000000000000000000000000000000000000000000000000000000000100000000000000000000000000001000000000000000000000000000000000000000010000000000000000000000000000000000000000000000000000000000000000000010000000000000000000000000000000000000000000000
0000000000000000000000000010000000100000000000000010010000000000000000000000000000000000000000000000000000000000000000000000000000000000000000000000000000101000000000000000000000000000000000000000000000000000000000000000010000000000000000000000000000
0000000000000000000000000000000000000000000000000000000010000000000000000000000000000100000000000000000000000000000000000001000000000000000000000000000000000000000000001000000000000000000000000000000000000000000000100000000000000000000000000000000000
0000000000100000000000000000000000000000000000000000000000000000001000000000000000000010000000000000000000001000000000000000000000001000000000000100000000100000000000000000000000000000000000000000000000000000000000000000001000000000000000000000000000
0000000000000000000010000000100000000000000000000000000000000000000000000000000000000100000000000000000000000000000000001000000000000000000000000000000000000000000000000000000000000000000000000000000001000000000000000000000000000000000000000000000000
0000000000000000000000000000000000000000000000000000010000000000000000000000000000000000000000000000000000000000000000000000000000000000000000000000000000000000000000000000000000000000000000000000000000000100000010000000000100110000000010000000000000
0000000000000000000000000000000000000000000000000000100000000000000000000000000000000000000000000000000000000100000000000000000000000000001000000000000000100000010000000000000000000000000000010000000000000000000000000000000000000000000000000000000000
0000000000000000000000000000000000000000000000010000000000000000000000000000000000000000000000000000000000000000000000000000010000000000000000000000000000000000000000000000000000000000000000000000000000000000000000000000100000000000000100000000000000
0000000000000010000000000000010000000000000000000000100001000000000000000001000000000000000000000000000000000000000000100000000000000000010000000000000000000000000000000000000000000000000000000010001000000000000000000000100000000000000000000000000000
0000000000000000000000010000000000000000000000000000001000000000000000000000000000000000000000001000000000000000010000000000000100000001010000000000000100000000000000000000000001000000000000000000010000010000000000000000100000000000000000000000000000
0000000000000000000100000000000000000000000000000000000000000000000000000000000000000000000000000000000000000000000000000011000000000000000000100000000000000000000000000000000000000000000010000000000000000000000000000000000000000000000000100010000000
0000000000000000000010000100000000000000000000000000000000000000000000000000000000000000000000000000000000000000000000000000000000000000000000000000000000000000000000000000000000100000000000000001000000000000000000000000000000000000000000001000000000
0000000000000000100000000000000000000000000000000000000000000000000001000100100000000000000000000000000000000000000000000000100000000000000000000000010000000000000010000000000000000000000000000000000000000000000000000000000000000000000001000000000000
0000000000000000000000000000000000000100000000000000000000000000000100000000000000000000000000000000000001000000000000000000000000000000000000000000000000000000000000000000100000000000100000000000000000000000000000000000000100000000000000000000000000
0010000000000000000000000000000000000000000000000000000000000000000000000000000000000000000000000000000000000000000000000000000000000000000000000010010000000000000000000000000000000000000000000000000000101000000000000000001000000000000000100000000000
0000000000000000000000000000000000000010000000000000000000001000000000000010000000000000000000000000000000000000000000000000000000000000000000000000000000000000000000000000000000000000000000000000000000000000000000000000000000000000000000000000000000
0000000000000000000000000000000000000000000000000000000000000000000000000000000000000000000000000000000010000000000000000000000000000000000000000000000000000000000000000000000000000000000000000000001000000000000000000000000001000000000000000000000000
0100000000000000000000000000000000000000000000000000000000000000000000000000000000000000000000000000000000000010000000000000000000000000000000000001010000000000010000001000000000000000000000000000000000000000000000000000010000000010000000000000000100
1000010000000001000000000000000000000000000000000100000000000000000000000000000000000000000000010000000000000000000000000000000000000000000000000000000010000000000000001000000000000000000000000000000000000000000000000000000000000000001100000000000000
0101000000000000000000100000000000100000000000000011000000000000000000000001000000001000001000000000000000000010001000000000000001000000000000000000000000000000000000000000000000000000000000000100000000000101000000001000000000000000000000000000000000
0000000000000000000000001000000000000000000000000000000000000000000000001001000000000000000000000000000000000000000000000000010000000000000000010000000000000000000000000000000000000000000000000001000000000000000001000000000010000000000000000000000000
0000000000000000000001000000000000000000000000000000000000000000000000000000000000000000000000000000000000010000000000000000000000010000000010000001000000000000000000000000000000000100000000000000000000000000000000000000000000000000000000000000000000
0000000000100000000000000000000000000000000000000000000000000000000000000000000000000000000100000000000000000000000000010010000000000000000000000100000000000100000000000000000000000000000000000000000000000000000100001000000100100001000000000010000000
0000000000000000000000000000000000000000000000000000000000000000000000000001000000000000000000000000000000000000000000000000000000000000000000000000000000000000000000000000000000000000000000000000000000000000000000000000000000000000000000000000000000
0000000000000000000000000000100000000000000000000000100000000000000010000000000000000000000000001000100000000000000000000000000000000000000000000000000000000000000000000000000000000000000000000000000000000000000000000000000000000000000000000000000000
0000000000000000000000000000000000001000000000000000000000000000000100000000000000000000000000000000000000000000000000000000000000000000000000000000000000000000000000000000000000000000000000000000000001000000000000000100000010000000010000000000000000
0000000000000000000000000000000000000000000000000000000000000000000000000000000000000000000000000000000000000000000000000000000000000000000000000000000000000000000000000000000000000000000000000000000000000000000000000000000000000000000000000000000000
0000100000000001000000000000000000000000000000000000000000000000000000000000000000000000000100001000000000000001000000000000000000000000000010000000000000000000000000000000000000000000000000000000000000000000100000000000000000000000000000000000000000
0000000000000000000000000000000011001000100000000000001000000010000000000000000000000000000000000000000000000000000000000000000010000000000000000000000000000000000000000000000000000000000000000000000000000000000000000000000000000000000000000000000000
0000000000000000000000000000000000000000000000100000100000000000000000000000000000000000000000000000010100000000000000000000000000000000000010000000000000000000000000000000000000000000000000000000000000000000000100000000000000000000001000000000000000
0000010000000000000000000001000000000010000000000000000000000000000000000000000000000000000000000000000000000000000000000000000000000000000000001000000000000000000000000000000000010000000000000000000000000000000000000000000000000000000000000000000000
0000000000000000000000000000000000000000000000000000000000000000000001000000010000000000001000000000000000000000000000000000000000100000000000000000000000000000000000000000000000000000000010000000000000000000000000000000000000000000000000000000000000
0000000000000000000000000000000000000000000000010000000100000100000000000000000000000000000011000000000000000000000000000000000000000000000000000000000000000001000000000000000000000000000000000000000000000000000000000000000000000001000010000000000000
0000000000100010001000000000000000000001000000000100000000000000000000000000000000000000010000000000000000000000000000000000000000000000000000000000000000000000000000000000000000000000000000000000000000000000000000000000000000000000000000010000000000
0000000000000010000000001000100000000000000000000000000001010000000000000000000000000000000000000000000000000000000000000000000000000000000000000000000000000000000000000000000000000000100000000000000000000000100000000000000000000000100000001000100000
0000000000000000000000000000000000000000001000010000000000000000000000000000000000000000000000000000000000000000000000000000000000000000000000000000000010000000000000000000000000000000000000000000000010000000100000000000100000000000000000000000000000
0000000010000000100000000000100000000000000000000000000000000000000000000000000000000000000000000000000000000100000000001000000000000000000000000000000000000000000000000000000000010000100000000000000000000000000000000000000000000000000001000000100000
0000000000000000000001000000000000000000000000000000010000000000000000000000000000000001000000000000000010000100000000000000000000000000000000000000000000000000000000000000000000000000000000000001000000100000000001000000000000000000000000000000000000
0001000000000000000000000000000000000000000000000000000000000000000000000010000000000000000000000001000000000000000000000000000000000000000000000000000000000000100000000000000010000000000000000000000000000000000000010000000000000000000000010000000000
0000000000000000000000000000000000000000001000000000000000000000000000000000000000000000000000000000100000000000000010000000000000000000000000000010000000000000000000000000000000000010000000000010000000000000000100000000000000000000000000000000000000
0000000000000000000000000000000000000000000000000000000000010000000000010000000000000100000000000000000000000000000000000000000000000000000000000000000000000000000000000000000000000000000000000000000000000000100000000000000000000000000000000000000000
0001000000000000000000000000000000000000000000000000000000000000000110000000000000000000000000000000000000000000010000000000000001000000000000000000000000000000000000000000000000000000000000000010000000000000010000000000000000000000000100000000000000
0000000000000000000000010000000010000100000100000000000000000000000100000000000000000000000000000000000000000000000100000100000000000000000000000000000000000000000000000000000000000000000000000000010000000000000000000000000000000000000000000000000000
0000000000000000000000000000000000000000000000000000000000000000000000000000000000000000000000001000000000000000000000000000000000000000000000000000000000000000000000000000000000000000000000000000000000000000000010000000000000000000000000000000000000
0000000000000000000000000000000000000000000000000010000000000000000000000100000000000000000000000000000000000000000000000000000000000000100000000000000000000000000000000000000000000000000000000000000000000000001000000000000000000000000101000000000000
0000000000000000000000000000000000000000000000000000100010000000000000000000000000000001100000000000000000000000000000001000000000000000000000010000000000000000000000000010000000000000000000000000000000000000000000000000000000000000010000000000000000
0000000000000000000000000000000000000000000000000000000000000001000000000000000000010000001000000000000000000000100000000000001000000000000000000000000010000000000000000000000000000000000000000000000000000000000000000000000000000000000000100100000000
0010000000000000000000000000000000000001000000000000000000000000000000000010000000000000010000101000010000000000000000100001000000000000001000000010000000000100000000000000000000100000000100100000000000000000000000001000000001000000100001000001000000
0000000000000000000000000001000000000000000000000000000000000000000000000000000000000000001000000000000000000000000000000000001000100000000000000000000000100000000000000000000100000000000000000000000000000000000000000000000000000000000000000000000000
0010000100010000000000000000000000000000000000000000000000000000000000000000000000000100000000000000000000000001000000000000000000000000000000000000000000000000000000000000000000000000000000000000000000000000000000000000000000000000000100000000000000
0000000000001000000000000000000000000000000000000000000000000000000000100000000000000000000000000000000000000010000000000000000000000000000000000010000000000000010110000000000000000100000000000000000000000000000100000000000000000000000000000000000000
0000000000000001000000010000110000000000000000000000000000100000000000000000000000000000000000100000000000001000000000000000000000000000000000000000000000000000000000000000000000000000000000000000000000000000000000000000000000000000000000000000001000
0000000000000000000000000000000000000000000000000000000000000000000000001000000000000000000000000001000000000001000000000000000000000000000000000000000000000000000000000000000000000000000000000000000000001000000000000000000000100000000000000010000000
0010000001000000000000000000000100000000000000000000000000000000000000000000000000000010000000000000000000000000000000010000000000000000000000000000000000000000000000000000000000000000000000000000000000000000000100000000000000000000010000000000000000
0001000000000000101000000000000000000000010000000000000000000000000000000000000000000000000000000000000000000000010000100000000000000000000000000000000100000000000000000000010000000000000000000000000000000000000010000000000000000000000000000000000000
1000000000000000000000000000000001000000000000000000000000000000000000000000000000000000000000000000000000000000000010000000001000001001010000000000000000000100000000000000000000000001000000000000000000000000000000010000000000000000000000000000000000
0010000000000000000000001000000001000000000000000000000000000000000000000000000000001000000000100000000000000000000000000000000000001000000000000000000000000000000000000000000000000000000000000000000000000010000000000000000000000000000000000000000000
0000100000000000000000000001000000000000000000000001000000000000000000000000000000000000000000000000000000000000010000000000000001000000000000000000000000000000000000100000000000010000000000000000000000000100000000000000000000000000000000000000000000
0000000000000000000000000000000000000000000000000000000000000000000000000000000000000000000000000000000000000000000000000000000000000000000000000000000000010000000000000000000000000000000100100000000000000000100000000000000000000000000000010000000000
0000000000000000000000000000000000000001000010000000000000000001100000000001001000000000000000000000000000000000000000000000000000000000000000000000000000000000000000000000000010000000000000000000000010000000001000000000000000000000000000000000000000
0000000000000000000000000000000000001000000000000000000000000000000100000000000000000000000000000000000000000000000000000000000000000000000000000000000001000000000000000000100001000000000000000000000000000000000000000000000100000000000001000000000000